0 790 0 550
666 79 763 79 
151 212 151 335 
690 49 690 418 
202 22 202 297 
576 39 784 39 
4 543 667 543 
753 458 189 458 
488 332 488 291 
576 444 576 155 
493 420 493 51 
341 104 167 104 
201 511 201 2 
728 365 728 160 
631 263 631 135 
353 540 671 540 
58 14 327 14 
261 512 167 512 
290 264 522 264 
439 116 439 186 
191 462 191 245 
30 369 30 52 
437 397 437 158 
406 306 182 306 
140 517 603 517 
151 34 406 34 
6 268 191 268 
149 120 149 183 
785 400 592 400 
580 76 251 76 
595 528 595 342 
693 81 693 403 
228 89 228 115 
66 173 253 173 
148 236 148 9 
240 74 596 74 
76 512 721 512 
612 417 516 417 
462 143 462 205 
303 352 743 352 
10 105 81 105 
751 23 751 173 
654 207 654 187 
426 385 567 385 
663 275 781 275 
372 398 773 398 
295 319 295 182 
268 254 772 254 
701 490 701 159 
670 60 670 430 
42 259 61 259 
288 395 288 82 
503 284 760 284 
44 288 44 493 
774 48 580 48 
315 201 315 241 
391 118 190 118 
642 16 72 16 
682 210 378 210 
40 452 40 165 
747 457 747 14 
542 213 542 18 
439 315 439 6 
360 61 626 61 
749 71 749 518 
347 218 347 315 
315 316 514 316 
313 58 142 58 
596 76 611 76 
196 326 343 326 
90 13 2 13 
403 395 403 350 
142 397 142 180 
413 56 58 56 
70 185 378 185 
193 117 308 117 
521 16 568 16 
552 349 353 349 
545 466 545 313 
3 374 47 374 
397 71 397 314 
379 148 280 148 
256 61 459 61 
399 396 399 154 
292 266 738 266 
64 440 64 47 
742 305 742 53 
557 39 662 39 
383 537 383 534 
406 480 255 480 
762 25 495 25 
542 295 542 530 
187 233 187 89 
474 211 474 504 
562 229 749 229 
638 514 523 514 
716 155 716 419 
65 432 557 432 
301 149 419 149 
465 71 465 225 
617 68 612 68 
687 356 687 335 
467 37 467 94 
764 498 276 498 
693 516 32 516 
244 142 349 142 
266 100 573 100 
236 513 433 513 
479 365 479 462 
750 98 750 222 
448 356 448 379 
624 214 624 360 
23 372 16 372 
626 442 626 483 
373 222 18 222 
232 116 602 116 
84 127 266 127 
745 29 745 276 
274 71 378 71 
186 499 186 421 
70 169 70 448 
439 128 109 128 
554 422 406 422 
18 250 18 545 
561 177 561 369 
272 457 272 46 
482 149 482 464 
388 452 16 452 
101 76 39 76 
246 439 246 316 
244 87 738 87 
207 494 778 494 
65 121 121 121 
159 284 159 275 
453 152 453 472 
460 254 117 254 
39 126 416 126 
19 183 484 183 
725 64 725 503 
154 411 154 257 
471 100 471 171 
62 401 315 401 
700 485 315 485 
171 314 171 121 
609 262 646 262 
785 292 785 460 
89 85 677 85 
542 164 571 164 
773 55 673 55 
726 476 726 50 
447 315 267 315 
405 419 477 419 
119 2 531 2 
162 285 29 285 
75 335 145 335 
536 106 536 311 
258 106 258 469 
232 491 260 491 
563 316 680 316 
536 152 253 152 
23 28 23 19 
419 1 356 1 
45 4 45 503 
245 428 604 428 
560 333 501 333 
374 509 450 509 
282 380 282 448 
480 181 64 181 
672 499 106 499 
609 310 609 318 
343 131 343 203 
92 382 92 91 
216 278 355 278 
270 504 86 504 
757 71 757 392 
149 476 28 476 
363 466 363 208 
254 28 254 272 
326 398 326 290 
613 498 613 399 
661 359 362 359 
216 304 216 136 
434 27 434 235 
408 255 114 255 
639 334 639 170 
768 483 768 108 
778 0 649 0 
56 103 773 103 
765 382 426 382 
722 218 755 218 
322 167 116 167 
334 46 334 367 
778 109 468 109 
318 524 318 528 
83 450 63 450 
549 454 107 454 
80 484 193 484 
179 171 89 171 
393 203 393 535 
4 35 219 35 
132 75 429 75 
190 40 89 40 
93 252 93 297 
261 233 261 546 
524 130 524 446 
264 375 165 375 
725 13 363 13 
444 51 444 152 
58 379 634 379 
431 390 431 392 
5 413 5 109 
422 32 422 106 
111 258 111 209 
566 418 531 418 
690 456 690 244 
278 446 278 187 
371 73 497 73 
656 545 697 545 
459 399 164 399 
459 145 122 145 
748 87 748 48 
26 536 569 536 
267 445 267 487 
789 144 789 22 
398 528 391 528 
197 499 197 201 
325 461 509 461 
166 52 290 52 
468 468 468 287 
627 437 545 437 
625 435 625 463 
522 270 97 270 
375 44 375 78 
165 145 165 394 
344 423 344 280 
738 147 738 497 
168 264 168 477 
546 152 546 382 
728 128 728 376 
479 323 384 323 
296 345 204 345 
518 306 322 306 
351 116 681 116 
419 319 725 319 
167 322 470 322 
594 306 594 89 
608 139 608 93 
568 406 641 406 
257 109 257 153 
121 531 121 544 
613 361 613 147 
144 548 615 548 
143 157 143 125 
191 309 191 491 
181 156 181 235 
416 252 145 252 
250 495 250 548 
354 453 354 497 
531 165 254 165 
243 193 243 117 
742 66 548 66 
538 309 536 309 
150 341 401 341 
434 410 698 410 
516 307 516 148 
293 143 408 143 
113 416 531 416 
622 18 427 18 
229 367 719 367 
125 519 125 27 
93 111 93 359 
204 381 204 444 
392 46 392 245 
594 289 507 289 
110 226 458 226 
605 405 605 441 
26 448 486 448 
232 473 232 4 
460 286 192 286 
24 422 24 284 
519 304 519 449 
222 389 645 389 
566 505 566 69 
58 341 739 341 
252 95 252 314 
297 490 310 490 
366 227 774 227 
386 319 669 319 
570 250 450 250 
98 524 98 439 
357 474 201 474 
760 33 760 122 
263 327 743 327 
402 48 193 48 
79 61 79 393 
281 254 281 275 
757 198 408 198 
524 166 478 166 
559 308 559 536 
209 188 209 156 
78 143 729 143 
280 142 280 468 
697 416 697 353 
215 339 215 204 
198 326 198 76 
755 244 755 92 
477 45 477 109 
649 166 144 166 
154 509 12 509 
550 433 6 433 
382 172 382 224 
59 479 243 479 
343 66 469 66 
242 358 601 358 
353 94 684 94 
718 535 144 535 
154 299 219 299 
214 491 214 56 
475 342 4 342 
160 162 160 97 
379 302 379 242 
147 308 510 308 
753 372 94 372 
491 319 696 319 
111 92 111 431 
222 517 222 93 
220 203 220 225 
716 447 551 447 
719 261 187 261 
349 362 249 362 
685 411 685 1 
642 386 642 520 
265 357 427 357 
145 252 106 252 
95 549 95 86 
268 114 268 92 
29 323 119 323 
434 494 95 494 
695 344 636 344 
253 254 253 418 
161 414 274 414 
336 121 504 121 
788 127 788 223 
530 414 530 74 
627 289 272 289 
465 120 465 395 
291 544 175 544 
25 541 139 541 
190 475 445 475 
9 252 9 242 
526 513 720 513 
26 379 26 159 
293 187 293 487 
137 394 137 508 
24 105 24 94 
188 440 188 131 
246 204 246 371 
175 356 175 532 
38 228 38 139 
301 390 301 226 
776 392 776 7 
192 193 192 111 
578 431 578 534 
396 368 215 368 
74 298 430 298 
46 31 46 166 
574 43 574 410 
759 387 759 85 
584 8 504 8 
496 117 496 237 
254 118 544 118 
206 250 344 250 
356 441 356 224 
672 510 672 339 
648 203 648 416 
33 353 419 353 
377 411 377 354 
579 177 427 177 
202 219 20 219 
361 524 361 115 
395 57 395 231 
289 66 781 66 
339 201 339 275 
562 517 562 28 
418 513 81 513 
210 136 504 136 
570 326 62 326 
762 268 488 268 
377 6 591 6 
405 267 783 267 
719 131 719 148 
288 362 45 362 
235 340 406 340 
414 471 414 101 
409 24 623 24 
388 545 388 6 
595 240 576 240 
444 99 576 99 
751 275 111 275 
591 190 591 30 
126 472 186 472 
694 518 749 518 
370 523 370 315 
519 319 37 319 
0 279 317 279 
87 548 87 525 
270 229 270 100 
55 237 255 237 
32 510 756 510 
544 168 544 120 
601 433 26 433 
719 262 10 262 
286 48 530 48 
554 55 554 122 
424 352 424 466 
354 440 736 440 
384 225 384 373 
152 313 152 334 
372 225 481 225 
335 44 261 44 
555 331 555 308 
262 85 144 85 
162 415 465 415 
736 467 54 467 
26 118 621 118 
254 412 443 412 
785 208 760 208 
498 435 728 435 
10 535 10 462 
368 8 231 8 
71 439 171 439 
297 360 297 49 
555 104 555 17 
63 6 63 232 
159 49 159 295 
715 15 715 333 
684 288 11 288 
612 361 612 481 
97 71 97 470 
228 97 436 97 
346 169 586 169 
204 241 204 339 
352 436 45 436 
109 93 120 93 
385 152 385 177 
688 277 309 277 
274 465 780 465 
599 4 599 546 
414 135 414 469 
27 363 648 363 
565 158 727 158 
779 450 788 450 
363 369 363 328 
115 380 694 380 
667 146 667 522 
497 492 497 136 
50 213 666 213 
338 306 338 468 
108 455 108 536 
534 361 472 361 
265 208 281 208 
468 55 468 312 
501 379 501 78 
4 191 4 457 
210 154 210 431 
427 268 427 297 
52 123 52 8 
26 244 621 244 
198 189 198 208 
328 420 633 420 
762 411 762 472 
678 502 643 502 
504 438 504 223 
470 146 387 146 
341 33 341 482 
329 51 329 381 
37 333 37 486 
314 182 314 34 
336 350 336 301 
217 63 217 261 
156 44 205 44 
50 445 579 445 
517 374 430 374 
268 335 328 335 
181 104 68 104 
471 290 471 184 
305 150 65 150 
385 374 680 374 
165 112 165 424 
719 250 719 339 
571 447 495 447 
529 105 529 333 
120 35 552 35 
305 69 305 334 
62 409 62 537 
92 54 491 54 
441 547 441 98 
594 357 225 357 
23 136 192 136 
387 88 387 128 
414 358 414 284 
116 66 116 147 
503 330 503 383 
732 470 233 470 
452 334 704 334 
260 347 260 527 
579 318 672 318 
547 210 547 274 
325 181 325 271 
651 20 623 20 
710 504 613 504 
353 2 244 2 
70 286 518 286 
717 39 717 504 
532 70 435 70 
294 208 294 93 
574 543 112 543 
184 494 350 494 
450 298 766 298 
534 145 534 180 
400 17 400 473 
733 515 733 323 
192 348 192 213 
107 236 107 458 
253 297 253 508 
584 367 725 367 
377 271 454 271 
205 32 205 440 
473 151 605 151 
624 57 425 57 
635 458 510 458 
231 227 13 227 
38 35 778 35 
589 543 280 543 
550 82 550 36 
193 375 193 167 
250 73 177 73 
188 461 188 545 
472 290 472 369 
415 127 169 127 
311 379 473 379 
486 10 486 364 
474 510 474 242 
205 531 205 245 
621 511 621 501 
138 456 653 456 
202 438 202 357 
416 416 115 416 
713 502 456 502 
257 64 257 5 
36 456 682 456 
234 299 234 363 
430 151 434 151 
186 109 186 142 
425 236 6 236 
728 515 473 515 
432 19 731 19 
129 49 46 49 
708 331 1 331 
215 112 287 112 
64 163 346 163 
196 443 196 348 
688 42 688 293 
600 43 648 43 
717 306 717 150 
472 392 205 392 
334 204 334 280 
211 303 211 456 
347 71 347 405 
303 286 303 438 
584 29 584 56 
781 532 781 365 
509 5 317 5 
463 520 757 520 
743 548 660 548 
162 274 662 274 
381 183 779 183 
439 217 439 30 
453 467 453 55 
686 19 686 255 
159 288 159 432 
457 492 158 492 
137 480 137 318 
389 133 565 133 
390 405 615 405 
746 239 746 332 
142 429 142 251 
564 206 702 206 
607 401 212 401 
199 514 199 309 
673 294 660 294 
701 454 701 54 
768 36 358 36 
333 314 333 56 
477 161 763 161 
385 464 385 150 
18 270 18 432 
787 505 787 164 
98 506 361 506 
731 82 731 272 
77 467 778 467 
693 122 143 122 
305 307 506 307 
554 356 714 356 
607 202 248 202 
776 135 503 135 
589 458 589 457 
348 426 348 268 
583 223 655 223 
378 204 306 204 
170 417 170 515 
497 161 462 161 
401 392 604 392 
671 64 212 64 
705 148 538 148 
339 134 783 134 
288 242 237 242 
9 319 9 316 
46 538 341 538 
419 150 10 150 
36 88 36 35 
578 369 578 140 
537 146 537 365 
235 118 707 118 
352 241 352 105 
323 413 133 413 
402 149 778 149 
453 348 453 423 
348 379 130 379 
44 107 33 107 
87 93 87 123 
648 236 648 109 
199 254 19 254 
504 309 270 309 
530 417 530 217 
217 409 217 106 
559 117 222 117 
760 137 760 480 
81 380 81 211 
753 85 724 85 
716 334 281 334 
553 481 553 69 
586 6 586 416 
173 425 173 449 
512 450 512 376 
465 507 681 507 
491 404 491 57 
64 51 738 51 
438 293 438 128 
348 17 348 74 
101 284 101 86 
202 172 202 321 
456 331 456 110 
603 440 348 440 
302 5 579 5 
732 194 732 455 
216 243 570 243 
24 85 24 292 
733 39 18 39 
442 495 290 495 
60 514 172 514 
565 268 565 31 
647 393 647 304 
442 113 442 511 
59 284 275 284 
69 176 493 176 
436 240 756 240 
91 373 688 373 
270 212 270 145 
430 533 565 533 
181 226 757 226 
655 409 655 485 
312 100 45 100 
339 470 339 304 
640 374 640 296 
491 129 491 112 
395 180 341 180 
507 276 507 269 
336 209 336 345 
94 78 94 124 
197 404 197 391 
399 359 399 287 
462 153 82 153 
259 87 728 87 
474 512 474 374 
94 403 149 403 
320 354 320 20 
194 88 194 330 
259 445 35 445 
489 289 489 112 
525 182 525 333 
506 426 284 426 
768 502 534 502 
405 426 576 426 
432 85 322 85 
245 324 219 324 
678 87 155 87 
463 156 348 156 
59 271 59 81 
148 343 293 343 
31 330 31 215 
385 311 358 311 
246 110 10 110 
598 455 167 455 
438 366 306 366 
275 122 275 497 
315 258 124 258 
604 341 566 341 
7 150 7 263 
402 147 236 147 
388 55 388 153 
59 401 378 401 
352 196 352 395 
8 492 8 424 
469 381 469 516 
408 45 408 302 
683 42 683 529 
571 294 219 294 
685 346 685 442 
150 392 150 545 
535 92 535 171 
423 32 423 494 
509 400 474 400 
420 353 420 289 
201 320 291 320 
552 276 67 276 
713 526 606 526 
608 216 677 216 
728 502 531 502 
383 491 85 491 
437 122 238 122 
383 476 715 476 
331 526 325 526 
171 266 171 524 
242 490 242 538 
141 329 203 329 
698 537 209 537 
182 393 182 235 
449 59 272 59 
140 30 652 30 
405 31 380 31 
126 490 126 360 
351 211 351 156 
539 435 539 376 
153 7 502 7 
620 34 715 34 
153 451 153 351 
93 446 146 446 
261 302 261 301 
573 490 573 213 
56 176 140 176 
330 360 637 360 
341 25 207 25 
344 14 344 346 
604 153 604 59 
88 293 490 293 
92 504 92 157 
782 236 782 219 
752 16 737 16 
121 190 121 5 
86 419 656 419 
116 81 621 81 
6 274 6 305 
706 130 706 226 
55 475 55 25 
596 149 596 452 
66 139 66 14 
633 244 633 455 
323 389 323 375 
302 66 302 460 
150 373 123 373 
787 185 445 185 
707 30 707 51 
133 68 133 491 
393 57 340 57 
46 284 659 284 
526 528 526 186 
25 448 25 373 
60 313 60 200 
603 294 631 294 
766 534 337 534 
616 265 762 265 
493 18 17 18 
705 360 705 302 
256 63 468 63 
521 320 414 320 
639 22 639 44 
301 179 383 179 
590 103 442 103 
120 544 120 315 
721 86 721 146 
428 209 428 396 
603 450 758 450 
141 398 433 398 
219 361 219 151 
343 522 74 522 
544 549 132 549 
670 374 682 374 
594 378 594 116 
70 460 747 460 
15 413 531 413 
283 244 3 244 
342 49 656 49 
429 75 429 121 
301 353 301 543 
569 426 569 334 
255 446 29 446 
278 285 26 285 
397 247 705 247 
546 273 752 273 
490 186 255 186 
581 486 581 369 
407 284 20 284 
426 395 426 84 
486 258 146 258 
525 341 525 72 
320 281 320 48 
126 387 336 387 
561 517 561 525 
582 445 99 445 
755 223 759 223 
59 315 428 315 
168 81 375 81 
640 491 640 143 
743 125 743 242 
135 531 17 531 
130 255 130 154 
228 363 228 185 
340 349 108 349 
125 89 125 80 
73 410 73 403 
626 305 565 305 
110 499 110 343 
103 39 103 187 
519 320 519 475 
45 68 232 68 
710 140 710 451 
724 144 724 302 
200 276 597 276 
210 231 214 231 
623 384 546 384 
761 172 119 172 
497 215 641 215 
719 430 719 342 
415 214 415 107 
526 349 526 315 
375 30 433 30 
94 481 349 481 
50 9 303 9 
173 347 291 347 
133 368 133 483 
371 382 371 494 
314 239 314 349 
608 109 608 335 
192 505 192 140 
208 164 208 398 
765 510 765 452 
639 530 639 340 
0 491 564 491 
82 141 266 141 
104 12 691 12 
130 407 130 302 
768 82 295 82 
42 259 42 205 
538 234 538 54 
743 486 234 486 
665 145 227 145 
700 208 700 330 
650 526 431 526 
87 102 87 312 
109 456 655 456 
563 404 563 80 
35 169 35 53 
474 452 39 452 
176 142 719 142 
384 275 384 286 
24 360 24 196 
694 512 694 243 
93 265 93 500 
291 283 291 520 
359 328 605 328 
612 91 439 91 
132 526 61 526 
28 143 152 143 
110 47 180 47 
763 158 333 158 
739 321 777 321 
324 140 324 284 
469 117 265 117 
243 386 11 386 
147 31 147 399 
693 513 9 513 
686 136 599 136 
89 481 89 43 
285 33 490 33 
542 386 542 28 
35 466 35 456 
385 219 44 219 
531 150 589 150 
760 284 760 316 
157 336 432 336 
570 15 570 234 
18 74 234 74 
245 189 471 189 
749 29 19 29 
95 6 95 542 
171 384 83 384 
10 351 10 343 
252 492 708 492 
371 399 371 257 
95 482 95 141 
779 462 635 462 
711 47 711 513 
646 493 30 493 
133 112 133 112 
782 277 83 277 
260 129 126 129 
662 111 662 400 
200 468 200 97 
552 392 552 88 
144 372 144 303 
654 454 733 454 
330 164 654 164 
23 146 23 15 
88 456 510 456 
306 361 306 505 
440 78 40 78 
478 280 478 202 
97 329 97 46 
417 85 417 408 
470 31 470 306 
208 434 208 13 
234 97 234 13 
368 547 699 547 
53 308 567 308 
615 515 615 464 
447 146 90 146 
7 396 211 396 
212 65 55 65 
173 255 173 246 
327 115 82 115 
529 374 529 139 
746 147 355 147 
295 301 295 319 
647 36 240 36 
723 425 342 425 
635 283 260 283 
171 282 8 282 
195 87 195 42 
740 445 740 65 
711 242 151 242 
778 134 778 162 
334 63 580 63 
87 539 87 250 
434 92 38 92 
131 503 131 299 
171 179 171 278 
770 361 770 524 
295 200 487 200 
255 53 255 75 
292 249 292 471 
53 430 53 353 
66 185 694 185 
391 268 391 267 
723 30 723 277 
338 512 545 512 
574 423 600 423 
221 501 767 501 
440 457 440 283 
755 125 755 218 
780 338 1 338 
236 128 236 441 
744 397 781 397 
570 198 124 198 
492 419 454 419 
307 527 404 527 
428 267 428 413 
351 234 656 234 
176 309 176 376 
726 192 464 192 
743 328 613 328 
743 205 743 190 
132 419 132 503 
40 287 40 519 
234 286 234 175 
28 436 716 436 
153 167 153 21 
15 330 783 330 
762 205 388 205 
595 527 595 285 
139 191 622 191 
5 539 5 73 
678 359 603 359 
147 70 182 70 
290 470 499 470 
624 177 624 249 
640 487 640 69 
51 106 261 106 
557 412 557 271 
633 252 765 252 
508 417 508 542 
