0 790 0 550
250 356 730 356 
41 513 41 374 
129 355 121 355 
284 155 186 155 
347 412 347 1 
457 492 457 66 
535 116 620 116 
735 302 735 90 
91 531 585 531 
373 158 712 158 
517 33 517 45 
719 9 719 60 
226 64 76 64 
524 475 184 475 
168 536 264 536 
741 113 741 441 
264 46 518 46 
320 207 467 207 
674 237 674 292 
280 8 280 238 
284 178 343 178 
603 119 603 396 
329 450 329 405 
182 12 182 533 
111 293 111 76 
775 79 775 344 
609 500 609 94 
616 329 616 415 
686 443 539 443 
509 526 616 526 
206 92 588 92 
137 440 237 440 
93 196 93 416 
542 313 542 165 
297 56 337 56 
416 69 360 69 
596 3 194 3 
31 163 31 205 
112 542 79 542 
563 462 427 462 
444 517 594 517 
106 233 107 233 
500 215 500 245 
663 215 262 215 
237 23 237 458 
222 456 468 456 
375 120 375 275 
31 338 404 338 
574 312 574 488 
631 298 631 315 
660 141 660 507 
192 278 478 278 
573 425 573 281 
109 406 109 151 
429 119 429 30 
40 158 226 158 
314 89 273 89 
396 67 615 67 
231 312 563 312 
247 267 251 267 
367 52 295 52 
329 119 153 119 
312 417 312 446 
98 458 98 367 
250 450 415 450 
205 46 205 465 
552 464 552 76 
318 284 744 284 
448 178 770 178 
410 109 410 197 
556 347 261 347 
185 250 61 250 
326 51 326 246 
91 392 494 392 
23 361 23 425 
520 140 520 333 
687 122 474 122 
284 35 123 35 
483 38 483 0 
59 77 59 37 
556 378 556 513 
161 66 706 66 
132 330 132 266 
725 418 725 453 
333 536 333 387 
776 539 776 70 
309 276 309 471 
278 381 278 529 
56 68 56 57 
136 483 136 99 
32 354 32 420 
12 493 295 493 
471 248 471 38 
645 484 783 484 
39 487 39 52 
660 43 416 43 
165 307 165 280 
259 56 259 140 
471 385 360 385 
331 48 331 184 
