0 790 0 550
168 286 168 481 
394 107 681 107 
151 394 282 394 
358 385 471 385 
332 293 773 293 
247 29 247 518 
367 223 367 398 
385 511 385 53 
765 211 765 464 
775 386 775 500 
245 149 774 149 
130 444 130 134 
271 322 271 260 
687 120 252 120 
355 1 239 1 
660 499 311 499 
279 274 309 274 
642 242 202 242 
54 271 214 271 
633 532 687 532 
366 252 366 188 
517 441 159 441 
625 327 625 454 
761 219 406 219 
368 176 368 313 
659 79 554 79 
105 312 105 434 
634 339 634 360 
519 114 519 487 
99 69 155 69 
75 439 277 439 
608 388 324 388 
315 155 315 323 
254 414 756 414 
343 212 420 212 
684 27 51 27 
578 162 625 162 
560 228 560 201 
27 189 27 528 
349 132 349 159 
30 170 30 42 
88 360 88 463 
275 267 275 69 
502 463 502 418 
513 413 462 413 
178 459 178 525 
585 24 585 332 
334 398 54 398 
783 272 783 260 
474 187 474 424 
